jason
0197896546
1
9
2024
4
2
eve lee
0168795623
1
9
2024
4
3
shelton vensson
0168795462
2
9
2024
8
1
cyndi choo
0167952046
3
9
2024
3
3
adriad choo
0168883115
3
9
2024
4
4
phillip
0196543115
7
9
2024
2
4
nichole
0164893115
10
9
2024
4
4
peter choo
0164870254
10
9
2024
1
2
cathy chan
0157942065
26
9
2024
4
3
jinson
0165498795
27
9
2024
4
2
jackson
0189750465
29
9
2024
1
2
chin sy
0187965432
24
9
2024
6
3
peter
0167954605
26
9
2024
1
1
thomas
0167890465
24
9
2024
7
1
chong ls
0147950245
26
9
2024
6
2
chong lh
0165498798
24
9
2024
6
4
mitoki
0168795425
31
9
2024
3
3
sofia
0168795165
31
9
2024
7
1
brian leong
0167895546
29
9
2024
7
1
kinki
0167895021
22
9
2024
3
4
ms wan
0168795462
31
9
2024
2
2
mr choo
0167850346
25
9
2024
2
4
